16
98
13
202 250
217 175
235 200
388 50
155 250
243 75
358 75
44 200
355 50
207 200
351 250
299 200
259 250
202
15
98 250
243 275
155 200
351 50
259 200
207 25
235 175
44 125
299 150
217 100
452 25
388 250
274 225
355 250
358 150
243
13
202 275
44 50
259 250
358 25
452 150
235 75
388 100
217 250
98 75
207 100
355 25
274 75
155 75
44
14
243 50
207 100
217 50
358 225
351 225
202 125
299 75
235 50
98 200
274 125
355 75
388 150
452 50
259 100
207
15
44 100
351 75
202 25
274 25
243 100
358 25
355 150
217 275
299 250
235 100
388 25
98 200
452 125
155 25
259 100
351
13
207 75
274 150
202 50
299 200
44 225
259 250
355 125
358 275
452 225
388 150
98 250
235 25
155 250
274
12
351 150
299 175
358 75
259 225
388 200
355 75
207 25
452 100
44 125
243 75
202 225
217 225
299
14
274 175
388 300
355 275
351 200
235 300
358 25
452 275
155 300
202 150
44 75
259 225
217 25
207 250
98 200
388
15
299 300
217 150
274 200
259 200
98 50
358 275
355 250
452 225
243 100
155 150
44 150
351 150
207 25
235 100
202 250
217
13
388 150
355 175
98 175
44 50
259 50
243 250
202 100
299 25
235 275
207 275
155 200
274 225
358 75
355
15
217 175
155 225
299 275
358 50
274 75
388 250
351 125
207 150
243 25
44 75
235 75
259 25
98 50
202 250
452 275
155
12
355 225
452 275
202 200
235 150
299 300
98 250
217 200
388 150
259 25
243 75
207 25
351 250
452
13
155 275
358 250
259 100
243 150
299 275
388 225
235 100
202 25
351 225
274 100
44 50
355 275
207 125
358
14
452 250
235 300
274 75
243 25
355 50
44 225
299 25
388 275
259 125
351 275
98 75
207 25
202 150
217 75
235
14
358 300
259 50
155 150
299 300
202 175
98 200
243 75
452 100
44 50
217 275
207 100
355 75
388 100
351 25
259
15
235 50
243 250
202 200
274 225
388 200
452 100
217 50
351 250
358 125
299 225
355 25
44 100
155 25
98 250
207 100
98