100
5257
61
2201 175
4938 100
8463 200
5818 250
3178 150
9855 275
5422 125
2387 175
9685 200
8210 300
8507 75
9031 75
6872 225
6497 125
8942 100
6945 25
6294 125
863 150
6030 200
500 250
3622 250
3922 175
810 225
9492 125
8729 75
5480 300
5800 200
5029 50
5901 175
8874 225
5379 175
8161 50
3693 225
5670 300
4021 125
8087 300
6289 25
7771 200
774 225
7798 250
1975 100
9259 300
7657 125
6691 125
8687 200
1405 200
8062 150
7403 100
503 25
7607 300
2315 125
1613 250
1046 225
8405 150
3168 75
5712 200
5878 275
450 175
3196 50
7631 150
5652 175
2201
69
5257 175
774 75
5712 175
1975 275
8942 25
7664 50
1046 225
6319 25
6945 250
450 50
5800 225
970 25
1375 300
4938 200
8750 150
9259 250
1405 200
5818 100
3622 75
9497 275
4021 100
7028 50
1613 100
8874 125
2 75
8087 250
8784 50
7510 300
2227 200
8210 175
6294 175
6691 300
2780 75
9492 225
7657 175
3196 250
5029 150
7771 75
8463 225
8405 275
2151 200
4965 150
6819 200
4534 100
500 250
8062 25
503 150
3693 50
2320 100
863 250
3922 250
8729 50
7631 125
3522 225
5389 150
5480 75
6497 225
3168 250
30 25
3523 300
3020 175
810 175
5670 125
9440 125
5878 150
8687 25
8507 250
8161 225
3178 250
774
65
2201 75
3196 200
3168 200
7607 175
2387 175
6289 300
1975 25
1405 200
8463 25
503 50
1183 25
1576 25
6945 275
9595 50
5818 175
1613 50
6872 150
5480 275
1693 175
1930 300
4534 275
3693 300
4965 300
5901 225
2320 225
8750 25
8062 200
500 75
8210 150
9497 50
30 25
6497 100
5257 225
8874 300
1046 150
8942 125
9440 50
7028 250
3523 100
2 250
3522 100
5652 300
7798 175
9685 200
5473 200
2780 225
5800 50
7657 75
5878 75
6294 300
6691 200
5670 125
4938 150
450 75
9855 25
8784 75
4021 200
5379 300
8687 100
5422 225
7510 175
8405 225
5096 200
3020 25
1375 175
3196
64
774 200
9855 150
8405 125
4938 300
9492 100
7403 250
5712 250
1693 150
1375 300
8062 150
4534 200
8729 300
3178 25
1844 225
1930 250
810 125
5652 125
5901 250
5220 150
3922 150
2227 225
8784 75
9595 250
2315 50
503 275
8210 25
4965 250
8087 125
5878 250
9965 225
5818 175
6319 25
5473 50
5389 225
2201 250
2573 200
6691 125
7631 25
450 75
7771 50
7607 200
5379 225
1975 175
8463 150
3522 200
8687 125
1046 150
3168 50
5096 300
6030 225
1613 200
6872 200
1183 125
3622 300
2151 150
8942 75
8575 250
9685 225
2 125
7657 300
5257 50
2387 225
8874 100
5029 225
9855
68
3196 150
2780 275
5670 275
9685 75
8087 200
9595 275
7798 100
3523 250
5257 275
7664 250
8507 125
8784 75
1375 225
4534 275
6872 175
8942 100
2 50
1844 225
2320 250
863 100
3522 300
6289 200
2387 250
7403 225
4999 200
1576 75
1693 150
5818 125
7028 200
9031 150
7607 300
7397 100
4021 250
1183 125
5473 225
6691 250
6294 25
8874 200
1930 50
5029 300
2227 175
6319 225
810 200
9440 150
5480 125
5652 175
7631 100
503 275
2315 25
5878 100
1975 150
5422 175
8463 225
450 125
9492 125
9497 250
8750 150
5096 50
7657 200
2151 250
774 25
4938 150
7019 225
9259 300
8161 300
7771 150
9965 275
8062 300
2780
56
9855 275
450 25
5878 225
9685 300
1693 25
8087 250
2320 250
1405 100
7798 200
4021 125
9965 250
5029 225
6497 200
7657 300
6289 250
6319 150
3020 275
5901 225
9259 225
500 50
8405 100
4965 150
5422 300
4938 250
8687 100
863 25
2201 75
5800 300
7028 150
503 75
5379 300
7403 150
2573 275
7397 175
1576 50
30 225
1046 75
3622 100
2315 200
7771 275
774 225
6819 225
2387 275
1975 125
2227 150
6294 125
8463 100
9031 200
8161 75
4534 175
5220 200
8784 275
5818 150
8575 100
6030 125
3693 125
450
63
2780 25
1693 50
6319 75
2320 75
1183 175
2201 50
7510 275
9685 25
9259 150
7019 25
1576 225
4938 75
810 275
5029 250
7657 200
3622 50
1930 225
9497 150
2 100
3168 50
5800 125
8062 300
7664 200
8405 175
6497 300
8507 225
5670 175
2151 200
7397 100
4021 125
9965 300
3196 75
3922 200
9595 100
8942 75
30 300
5818 275
9492 275
3523 25
7403 250
8210 125
9855 125
1975 175
8575 250
6294 175
7771 275
6691 75
5652 225
3693 150
8161 50
774 75
2573 100
5712 125
5096 25
5389 25
7631 100
5480 225
5257 175
4999 50
500 25
3020 225
503 125
1613 75
1693
57
450 50
5422 250
503 75
863 25
8161 200
2780 25
2227 300
8507 275
3196 150
6319 50
6294 75
9497 175
2387 225
5800 225
4965 125
9685 250
7631 75
5389 50
6819 50
9855 150
9440 50
8405 100
8874 225
3168 50
774 175
8687 100
7664 225
5901 300
6945 75
7403 100
7771 275
2 225
5712 175
4534 300
7607 200
9259 125
5652 75
30 125
9031 150
500 100
8087 275
1046 125
3523 275
6691 300
1183 250
2320 75
1576 50
4021 250
5096 250
7657 250
9965 225
5818 125
3020 175
7510 100
3522 200
5379 75
4938 300
5422
61
1693 250
5096 125
500 150
8729 275
5473 250
5712 125
6945 175
5800 300
5257 125
1405 150
6691 150
8874 150
5652 125
8784 50
5220 25
8161 25
5379 275
5389 275
7028 25
8087 125
8575 100
5901 100
8942 100
2 300
6030 25
5029 125
8687 175
6819 75
2780 300
8405 125
6497 225
7019 125
2320 250
1844 175
2151 75
30 200
8062 175
4938 25
7397 300
5670 275
4021 25
1975 125
9855 175
8750 175
3168 250
9492 25
4965 100
7657 300
6872 150
9031 175
1613 300
5818 25
1375 150
3622 275
863 200
4534 225
774 225
9595 175
7607 225
3922 50
2227 225
5096
60
5422 125
6872 150
1046 150
3168 300
9685 275
1975 275
3020 75
5389 75
7664 200
4938 25
1844 275
1576 100
9031 200
1405 275
5379 125
8507 75
3693 250
5800 225
5878 300
4999 175
5901 25
1613 150
9492 200
7631 75
7019 100
2573 50
2 25
6319 200
7403 25
6030 50
8942 150
6497 125
8784 200
500 300
8687 150
5652 100
6945 275
9595 150
3196 300
2151 225
8161 275
8575 250
5473 125
810 300
1693 250
9855 50
2320 150
8405 25
8087 25
450 25
7657 75
8210 100
7510 250
774 200
2387 200
9497 250
5818 175
6691 250
3622 25
4965 25
6872
68
5096 150
1613 250
1183 175
6294 225
7657 275
970 300
5379 275
2227 300
8507 100
5878 250
863 75
8874 175
4534 275
2 25
3020 225
1930 300
7510 50
9855 175
5257 225
7607 275
774 150
9497 75
5029 25
6945 25
503 150
5389 25
9259 250
7028 225
4965 275
9685 225
6691 75
3922 100
810 100
8463 75
1046 75
6319 150
5712 100
3522 75
3523 300
5652 25
1576 275
2387 75
2320 50
7771 250
9595 225
4938 200
5901 300
5473 150
9440 275
3196 200
5422 150
6819 200
8729 25
8942 225
2315 200
7019 200
8161 275
1405 50
2573 275
6497 125
5800 175
2151 100
4999 150
4021 275
8687 250
9492 225
6289 250
3693 175
1613
61
6872 250
8062 275
6497 175
9259 250
9497 300
3020 25
1375 200
5878 50
863 75
3522 100
9685 275
5220 150
5029 100
1844 50
8942 275
774 50
8750 25
4999 175
2201 100
5712 250
6319 175
4965 300
2387 75
2573 225
9492 50
5096 150
6289 275
5379 275
7631 250
1183 275
3622 300
1046 250
8507 75
6691 100
810 200
9595 100
8729 25
8463 200
7771 200
3693 250
1576 125
6819 50
2320 175
8161 150
5480 250
8687 150
8784 125
3196 200
5257 250
5422 300
8210 275
6945 50
5473 50
1975 275
503 125
5901 275
4938 150
7798 250
6030 175
8874 150
450 75
8062
60
1613 275
3168 175
3020 200
7631 300
5878 275
3196 150
30 75
8942 25
2573 300
8507 225
4938 225
2387 50
1844 175
4999 300
450 300
5473 100
8405 50
9685 50
3523 150
6497 150
7028 75
774 200
9492 25
8687 75
7607 25
7510 275
2201 25
5800 75
3522 150
8874 50
1975 125
7657 300
5422 175
8784 75
6819 75
1375 225
503 275
5220 125
5257 150
4534 250
9497 175
6289 250
8729 100
6691 300
9595 225
8575 200
7397 25
9440 50
5029 75
3922 50
7019 100
5379 275
1046 25
2 50
3693 250
5652 75
810 150
4021 300
9855 300
1576 125
3168
62
8062 175
8575 200
9031 125
774 200
5096 300
5480 50
2320 75
9259 25
6945 200
1375 125
8687 275
5220 250
2151 175
1576 250
9595 250
970 225
863 200
8405 125
5379 75
450 50
6819 175
1693 50
503 150
5473 225
8161 150
7771 225
4534 275
3523 300
7657 50
1183 275
7607 250
5652 275
2573 50
5712 50
1930 125
8750 25
8942 225
6294 200
7631 125
8507 225
5670 175
7028 300
9492 225
7798 225
3196 50
1975 275
5422 250
3178 25
9965 175
2201 250
3922 150
8729 275
5878 150
5257 75
6289 25
5901 250
500 175
4021 300
8463 175
2315 25
9497 250
5029 275
8575
64
3168 200
6030 225
5878 275
5901 125
3523 100
5800 250
9440 150
2 275
7403 25
8210 150
7771 300
5712 200
3020 125
4965 75
8750 25
7397 25
9259 300
2151 150
9492 50
5422 100
9685 275
8507 200
5473 175
1375 175
2315 250
3522 125
5818 50
5389 300
7510 300
500 225
8942 175
9031 300
7019 100
2573 125
2320 25
970 125
7631 150
8729 25
30 175
7607 75
6294 25
4938 50
8784 75
9965 225
8405 275
1844 50
8062 200
450 250
6319 150
1046 75
5096 250
6497 125
3196 250
5652 300
1183 275
5029 125
7798 125
6289 75
7657 200
8687 75
863 150
5480 75
5220 75
2780 100
6030
54
8575 225
8942 250
503 225
970 250
1046 200
5389 75
6294 25
500 150
8750 300
1576 250
30 75
6945 275
8405 25
6319 275
4965 125
810 200
1930 100
7607 200
5257 200
5422 25
5712 250
9440 25
7631 100
8687 175
5473 50
4999 200
2387 150
5480 150
6819 125
7397 175
8161 200
5220 75
5096 50
1975 175
7664 25
7771 150
863 275
5800 50
5379 150
9497 125
3196 225
3522 250
7403 275
8507 175
5029 300
4938 300
9685 150
4021 50
2780 125
9031 175
3178 25
1613 175
6289 200
9595 125
8942
69
6030 250
7664 200
2201 25
863 225
5220 275
3523 225
5818 200
5480 125
1930 300
4938 200
7657 300
5670 75
2227 50
6289 50
9492 250
6819 225
9497 175
9259 275
8062 25
3622 225
8507 50
9855 100
5257 100
1613 275
3922 225
7019 200
2 125
7798 150
1405 200
5422 100
3178 300
5473 100
8575 175
8687 75
2315 150
3168 225
5652 150
2573 200
5712 300
5096 150
2151 25
7510 275
774 125
1046 100
5878 250
450 75
810 125
3693 225
970 225
4965 275
1844 75
7397 150
9031 75
5901 150
9965 100
4021 300
4534 175
3196 75
6872 225
3522 75
6294 100
2387 50
8405 250
1576 225
500 200
8463 300
30 275
6945 225
1975 300
7664
67
8942 200
3020 100
4965 125
9595 275
7657 250
2320 25
2201 50
5901 100
2315 150
8874 225
5096 200
8784 100
9440 175
7397 175
9492 25
5379 225
9855 250
9497 150
4938 100
8507 125
5818 75
5652 100
9031 175
5878 150
5389 50
6819 300
1975 275
7028 300
3522 50
1693 225
1046 250
6691 300
4534 300
5670 175
1844 275
450 200
863 25
1183 300
7631 75
8687 50
3622 200
6945 25
8750 25
7403 200
6289 175
970 150
8087 150
7798 150
7771 100
6030 25
5220 250
3178 275
8405 225
5712 250
500 300
2151 300
4021 75
1405 200
6497 275
7019 175
1375 50
503 75
9965 100
5029 225
810 50
1576 175
30 25
3020
61
7664 100
4999 225
9259 150
2387 175
2151 125
8062 200
5901 125
5096 75
8463 275
7397 175
1613 25
7657 150
6294 100
4965 25
1576 200
4534 275
6872 225
6691 225
8784 275
8575 125
1405 300
2780 275
7607 300
2315 125
8210 225
3922 175
7403 150
30 125
9595 150
1844 300
5818 25
7028 50
3693 50
9492 50
7510 125
3622 50
2 275
6319 275
3523 300
5652 300
7019 250
6289 300
2227 125
1046 300
8405 50
3178 50
2320 50
7798 100
8507 175
500 125
4938 250
2201 175
9440 225
9497 150
5473 125
5029 100
1693 175
1930 175
450 225
774 25
8687 150
4999
51
3020 225
1046 125
1375 175
9492 225
3693 250
9031 225
5800 275
2227 300
7403 50
6691 150
500 75
8507 100
5712 275
5096 175
1613 175
7019 175
5901 200
9855 200
4965 25
9595 100
7028 100
8062 300
7657 175
4938 275
7798 150
2320 50
6030 200
8087 75
30 200
3178 25
5389 300
6294 75
5878 150
5473 200
8687 150
3522 300
4534 200
8161 100
2387 250
7771 225
2315 25
9259 200
6497 25
5220 275
7607 225
7397 150
1930 75
6289 200
450 50
6872 150
5379 150
1046
61
4999 125
5878 225
5096 150
3922 225
1930 275
5480 125
7798 100
6030 200
7607 275
2 225
2201 225
5029 175
8161 100
1405 75
7510 200
8784 175
4965 100
8405 150
1975 275
810 100
7631 300
5379 100
4021 175
7397 250
7664 250
4938 225
6691 100
1613 250
3522 225
9685 25
1183 100
5800 275
5473 200
8087 75
6872 75
2573 50
774 150
7657 150
3178 150
8942 100
2227 125
1693 125
5652 25
5389 225
5901 125
2151 175
2780 75
3020 300
3196 150
8507 175
7771 200
8575 75
6497 100
5257 225
1844 275
8210 300
30 125
8062 25
6819 300
5818 225
8750 275
5878
65
1046 225
3693 200
1844 125
2780 225
3522 225
8575 275
1183 100
6872 250
8062 275
2 275
503 50
2320 250
1613 50
9965 175
9440 100
3523 75
2387 250
5670 100
6497 225
2151 25
7657 175
3622 100
7664 150
9259 25
6945 300
5096 300
6691 150
500 50
6294 300
3196 250
8874 100
4021 300
4938 225
30 275
7798 275
810 300
2573 200
4999 150
8942 250
8161 175
5473 175
5389 50
5029 150
8087 300
7019 75
6819 100
5220 175
2315 275
9855 100
9497 125
5480 300
2227 50
774 75
1375 200
4534 25
9492 225
3168 150
8687 225
8729 200
1975 100
8463 250
5257 275
7028 300
2201 150
8784 25
3693
58
5878 200
1975 25
863 275
500 150
3178 25
3922 150
4999 250
2387 75
2315 175
8463 225
6691 125
7397 200
1576 75
8210 225
7771 100
5096 250
5389 50
5818 75
7510 300
774 300
5220 225
2 250
2227 150
8784 75
8161 100
9595 150
3020 50
3522 125
8507 300
5257 225
7798 25
30 150
1844 125
1613 250
7657 75
2201 50
8942 225
8405 225
8687 100
6289 250
9497 150
8874 250
6497 300
3523 75
1183 50
7607 200
450 150
7028 75
1375 175
5712 200
2151 175
8062 250
5652 75
2780 125
6872 175
6945 200
4021 125
8729 200
1975
63
3693 25
4534 100
1844 100
8405 225
2201 275
2573 175
5096 275
6294 125
500 275
774 25
7771 250
7019 275
6691 250
5379 275
9440 100
8729 50
1046 275
5029 275
8687 100
7631 75
4021 100
7664 275
5670 100
5818 175
8210 300
5712 200
1375 25
863 275
8874 125
5652 75
5257 100
7397 175
2151 200
3196 175
6030 175
4965 75
8062 125
9595 25
5422 125
9855 150
8784 200
3168 275
3522 125
9492 200
6497 300
450 175
1405 125
2780 125
2387 200
8463 175
3922 250
5901 275
1613 275
2315 150
3622 125
6945 125
7028 100
5878 100
5220 225
8161 275
9965 300
503 200
8942 300
4534
63
1975 100
5473 250
9595 100
1576 25
3178 175
7798 225
5800 125
8405 225
1183 100
1844 125
6872 275
9965 125
1375 25
4965 175
3196 200
3020 275
4938 225
5480 250
9855 275
5670 25
6294 50
2387 75
2573 250
5652 225
7397 225
3522 300
774 275
3168 275
5901 225
503 275
7664 300
2320 100
1693 300
2227 250
2 200
8507 225
5379 125
7631 100
7019 225
2201 100
810 75
9685 50
8210 225
9440 50
5220 50
5712 125
2151 50
3523 75
30 125
5389 225
6497 50
8062 250
8161 275
4999 200
5878 25
8942 175
8463 175
8750 250
8729 175
5422 225
6319 50
2780 175
1930 275
5473
70
4534 250
7019 250
2387 275
5670 75
8463 300
5422 250
5029 175
2315 100
500 300
2320 275
7510 175
3178 50
9492 100
8729 100
3622 300
8784 300
8750 275
4938 125
8575 175
1930 300
9259 175
3168 225
1405 75
1183 175
5800 250
8874 25
6819 50
6030 50
2 250
8062 100
9440 150
8405 150
8087 125
8942 100
3196 50
9855 225
30 150
970 225
1046 200
7771 150
5389 25
4999 200
5878 175
3922 225
5379 100
8161 250
8507 100
3523 100
2151 175
4965 100
774 200
6872 150
9031 200
6691 300
5096 125
9595 250
8687 150
3020 125
1613 50
9965 25
3522 200
5712 75
7607 25
5480 75
1576 275
9497 25
2227 225
6319 150
8210 25
5901 50
7019
55
5473 250
8463 25
9595 50
5029 175
1576 75
9031 275
450 25
1975 275
5712 125
6289 50
5800 300
9440 300
8405 125
8942 200
4999 175
6497 175
2 275
2315 50
5096 100
7798 250
9965 125
30 275
9492 75
9259 300
1844 75
8575 100
5220 150
5652 275
2387 175
503 100
7607 125
1405 100
5422 125
6945 275
4534 225
6819 25
6691 75
3020 250
5878 75
4021 25
6319 300
2573 200
5379 200
863 75
6872 200
8874 225
8062 100
1930 25
1183 250
7664 175
9855 225
5480 175
3178 225
2227 25
7397 225
8463
64
7019 25
9497 150
8750 75
5257 200
3020 275
2315 175
9965 125
5473 300
7028 100
5712 275
8729 100
3523 50
6319 100
7657 275
774 25
3693 225
1844 25
5389 275
8161 150
2387 125
2573 175
9685 100
5029 200
7403 250
8687 175
8210 250
6497 150
6294 150
1375 100
9492 300
3922 100
6691 200
8874 300
503 100
1405 150
7771 150
6872 75
5800 250
2201 225
1613 200
1183 175
9259 225
810 75
3196 150
2 125
4021 75
9440 50
2227 225
7607 150
9855 225
7798 100
4534 175
7510 75
6819 225
1975 175
2780 100
8784 75
5878 250
3168 175
8507 125
6945 250
500 25
8942 300
3178 50
9497
64
8463 150
5652 150
1613 300
7028 300
8507 175
5800 175
7664 150
1693 175
5480 275
8942 175
5712 175
2201 275
8210 275
8729 250
4021 100
450 150
2320 75
9031 100
1375 300
6872 75
9440 250
9259 150
3622 300
5029 150
7657 175
8687 125
2 225
774 50
6691 50
3523 100
2573 275
6319 150
4938 25
2151 300
1576 225
6819 250
7403 100
5670 225
7510 50
1930 125
6030 125
5878 125
3693 150
503 200
7798 175
8062 175
7771 75
9492 75
2315 250
970 275
9855 250
2227 125
6294 250
3178 75
3020 150
9595 275
9965 175
3522 225
8161 275
5096 250
2387 125
5473 25
1405 275
3168 250
5652
63
9497 150
8507 175
5480 75
503 150
5670 25
7397 100
5220 275
1183 250
5422 125
5379 75
2315 175
2227 225
7664 100
3196 125
4534 225
9031 200
4021 175
7607 150
2151 125
2387 125
810 25
7403 250
3168 275
2 175
7657 75
7028 150
8942 150
7019 275
1693 75
6497 200
5818 225
1975 75
1930 250
9492 225
3178 300
3020 300
6289 250
3522 150
9855 175
970 175
7631 150
1046 25
9595 275
6872 25
5096 100
774 300
1375 175
2573 100
4938 250
500 100
8575 300
450 225
8784 75
5901 300
1844 75
5389 75
8161 225
1576 50
8062 75
6319 200
8874 225
3693 75
5257 175
8507
61
5652 175
970 250
8405 250
5220 275
6872 100
9492 25
6497 100
1693 275
9497 175
9855 125
5379 75
7664 125
8942 50
5257 75
8062 225
5096 75
1405 250
9965 175
4999 100
8575 200
9595 300
9440 100
2315 300
5712 250
5670 25
6945 100
1613 75
450 225
500 300
503 225
4534 225
3693 300
5800 300
3168 225
5901 225
5480 250
8750 175
7798 150
6294 175
1844 300
9685 125
8687 200
5473 100
8087 100
1046 175
3178 200
1576 275
8784 125
7403 75
3020 175
6030 175
8161 75
7631 50
30 300
8463 125
9031 25
9259 100
6819 100
2201 250
8210 175
8729 175
970
60
8507 250
4021 50
6030 250
5389 175
6872 300
2315 200
810 200
5029 250
7607 100
7403 175
2201 25
8405 200
7631 100
1576 175
7657 275
3178 125
9031 300
2151 300
7510 300
3168 225
3622 125
2 100
5818 25
1375 50
2227 275
2320 50
9492 225
4938 300
503 300
6819 25
6289 200
3523 75
5473 225
9685 25
5480 100
6691 200
8210 150
8729 25
9595 225
8575 125
7664 150
1183 75
30 50
5652 175
7798 225
9965 50
8942 225
5379 50
863 75
8874 150
9497 275
7771 300
6945 50
9259 300
500 225
8161 25
5220 250
8087 175
3522 50
5712 225
4021
75
970 50
3922 25
9492 250
1844 275
7657 250
5480 225
4965 150
3523 275
2573 300
2780 125
863 275
5712 300
1405 25
7510 100
5389 225
9440 300
2201 100
2 275
9497 100
8405 275
810 275
30 300
1046 175
5652 175
1975 100
2151 50
3522 200
7798 300
7771 125
2320 25
8210 150
9855 250
5878 300
3178 25
7607 25
9031 225
6319 150
1930 50
7631 75
9595 100
450 125
5257 125
5800 50
1183 75
500 150
6289 125
6691 225
5029 300
5379 250
7019 25
8463 75
5422 25
8784 125
8874 175
8942 300
5901 225
1693 250
7664 75
8750 225
8161 300
4938 75
6945 25
8729 250
774 200
7028 100
3168 300
9965 50
6030 50
6872 275
5670 25
2227 275
2387 200
7397 300
8062 300
3693 125
3922
54
4021 25
5818 100
5029 75
1046 225
2320 50
9031 200
3693 150
9595 200
6691 75
5901 75
4938 100
5670 300
8942 225
3020 175
4965 300
3196 150
5379 200
8210 175
7403 25
9492 250
30 150
5257 175
7771 150
810 100
2387 50
8463 100
6872 100
8405 275
2 175
2151 125
8087 75
6819 100
7607 250
8874 225
450 200
1405 250
6294 200
5473 225
8729 100
2201 250
9965 250
8784 50
7631 250
7657 75
3168 150
6319 75
8161 200
8062 50
1975 250
6945 75
1930 150
863 75
5422 50
9440 150
5818
58
3922 100
5712 50
2 300
7657 100
8942 200
8784 75
5257 250
6945 150
8750 250
7607 250
7664 75
2201 100
774 175
6497 125
3693 75
970 25
503 275
5480 275
9855 125
2151 50
8729 150
8575 50
3622 25
7397 150
1975 175
3523 50
9031 275
1930 100
3020 25
3196 175
1183 50
1844 50
5652 225
5670 225
7771 300
6294 300
30 250
2320 300
6319 150
8210 125
450 275
5901 100
8087 250
9685 150
7403 150
810 50
1576 150
500 275
5389 250
5422 25
8687 25
1693 125
2227 250
1046 225
2780 150
5096 175
2387 150
1375 275
5712
63
5818 50
6497 300
2201 175
2151 25
4965 225
8750 150
6319 150
5379 50
8463 275
5422 125
3196 250
4021 300
7019 125
810 150
8575 200
9497 175
9685 250
9031 175
5029 150
3522 175
4999 275
1576 25
1613 250
863 100
8507 250
6030 250
2227 50
1183 300
4938 75
7771 275
1975 200
3168 50
1693 175
7397 300
8942 300
5670 125
5480 300
8087 50
3178 300
6872 100
2387 150
7403 225
4534 125
8874 300
8161 75
2315 200
1930 250
7664 250
8784 200
1375 225
8210 50
450 125
6691 200
3693 200
7028 150
5257 200
8687 175
5473 75
2320 300
5389 25
6819 275
7631 125
970 225
6497
63
5712 300
500 50
1613 175
1844 75
8507 100
810 300
7607 300
2 275
6289 275
2780 200
2573 175
9440 300
8784 25
5878 225
4965 200
5818 125
5257 125
2315 25
9031 225
6945 100
8874 25
7019 175
8463 150
8729 100
1375 25
8062 150
7028 175
450 300
6691 75
5422 225
774 100
5652 200
8687 225
5096 125
5029 75
1405 275
7397 150
9965 175
5670 75
863 225
6319 300
4534 50
2201 225
8405 225
1975 300
3693 300
8575 125
6819 50
1576 300
1046 100
7664 275
5800 100
3523 75
4999 25
5220 300
6872 125
3178 150
7631 200
9595 250
6294 250
3522 25
2320 25
9685 200
500
68
6497 50
1375 175
5422 150
6030 150
3693 150
5389 275
5029 125
1975 275
5473 300
7607 25
863 175
2 250
3523 175
4999 75
5901 50
4965 175
3622 275
8729 125
6319 25
8161 100
5878 50
5257 250
6691 300
2780 50
3522 25
8575 225
774 75
8507 300
3178 100
9259 25
2201 250
4021 150
5800 75
9685 150
5220 175
5480 225
2151 300
1693 100
6819 175
8405 150
30 100
1930 300
9965 100
5096 300
2227 125
9440 100
8087 25
8687 200
7403 275
2315 100
6945 175
5379 200
2573 250
7397 50
7664 300
5652 100
5818 275
1405 25
3020 125
5670 100
1844 250
970 225
3168 175
450 25
8210 200
8463 25
8942 200
7657 125
1375
64
500 175
6319 100
1930 225
4999 175
9259 200
3168 125
1613 200
7403 100
2201 300
4534 25
3196 300
1844 175
5480 300
863 250
8405 250
9855 225
7397 250
7510 75
2 200
9497 300
8874 175
5379 275
9595 75
8575 175
970 50
8784 25
8463 100
6497 25
7798 175
6294 300
1975 25
2315 275
9965 300
2573 275
8729 75
4965 50
8161 250
5029 75
2151 125
30 50
8062 225
5652 175
7657 300
9685 250
6819 225
5878 200
5712 225
3523 125
5901 250
5422 150
1405 25
3693 175
2387 275
8210 300
2320 250
7631 225
7771 250
7664 50
2227 50
5800 25
6289 25
8750 250
774 175
5818 275
6319
69
1375 100
7397 300
9965 50
450 75
7607 25
9685 275
2201 25
5712 150
8874 225
8463 100
1693 50
1576 275
5389 300
8087 125
9492 225
8210 225
9440 25
5379 175
5480 150
2780 150
6030 275
503 225
9031 100
7798 25
7028 200
1613 175
500 25
2 275
8729 50
7631 25
30 200
3196 25
4021 150
5096 200
2320 75
9259 250
9595 50
8405 75
9497 150
6872 150
9855 225
7657 75
3020 275
1930 275
2315 275
1183 175
5818 150
4938 225
7019 300
3622 25
5670 125
6294 75
6497 300
2573 25
7403 100
8575 150
7510 25
3922 75
2387 275
5901 225
5220 25
863 25
6819 125
4534 50
2151 200
6691 125
5652 200
5473 150
6945 100
7397
62
6319 300
7657 125
2387 50
7798 275
2 100
3020 175
3522 150
7664 175
5379 225
1576 25
7028 25
503 100
4965 175
5652 100
7631 225
8874 100
3693 200
1375 250
9685 50
9492 225
8575 25
30 125
2573 150
4534 225
8161 300
5818 150
5670 175
1046 250
6289 300
1405 50
9965 250
9855 100
9031 200
5712 300
6030 175
450 100
2151 150
5220 250
8687 150
7607 150
1975 175
8405 200
6497 150
5480 150
2780 175
863 250
5422 300
8942 150
500 50
6691 150
7510 300
3178 100
7403 175
8062 25
3622 250
9259 25
3523 175
4999 150
6819 225
5029 100
4021 300
7019 225
7657
74
7397 125
7798 100
8784 300
5818 100
7664 250
6872 275
4021 250
6691 225
3020 150
3178 50
8942 300
8463 275
970 275
2780 300
5379 200
3522 125
8087 50
450 200
5878 175
2387 75
4965 225
2573 250
2227 200
8161 225
4999 175
6819 225
1183 200
9685 150
3168 50
9497 175
3523 125
9965 100
9259 25
5901 150
5480 150
5652 75
2201 175
7028 100
8405 75
7631 25
1046 150
5257 125
6319 75
3622 125
5800 200
3693 75
9492 50
8062 300
1405 300
863 75
1375 300
3922 75
8729 175
5220 75
7510 50
5422 300
774 75
2 250
2151 100
5670 125
8210 100
9855 200
1693 250
8575 200
8687 150
9440 225
1576 175
5096 75
3196 300
5389 150
30 225
500 125
8874 75
2315 225
7798
59
7657 100
5220 150
1046 100
4534 225
2227 300
7397 275
2315 25
9855 100
2780 200
5800 150
1844 100
9685 200
5901 275
810 125
8784 100
8942 150
6319 25
8729 150
3622 250
8405 275
8874 150
1405 150
4021 300
4999 150
7019 250
1183 25
1375 175
9031 75
9492 50
5878 275
3693 25
7403 50
5389 250
5257 250
7664 150
8507 150
5670 75
970 225
5480 275
7607 150
3168 225
9497 175
774 175
8161 175
5379 175
9965 125
8750 75
3020 100
8210 125
30 275
8463 100
8575 125
2151 275
2320 300
2 175
4965 50
1613 250
3178 300
6819 50
5220
61
7798 150
1576 200
8405 150
5379 200
9595 275
9031 125
8942 275
2 150
8507 275
9965 175
9492 200
5800 250
4938 25
3168 250
7771 150
5652 275
5389 150
7607 50
1613 150
6819 75
5422 25
1930 75
3196 150
9685 100
3523 75
9259 175
6294 250
3693 225
4965 125
9440 275
5480 100
7019 150
7397 250
6030 75
8161 125
2387 125
8874 175
863 300
500 175
4534 50
7664 250
5878 175
2227 100
3622 275
7403 100
8062 125
8729 25
7657 75
5901 225
7631 50
3522 50
6319 25
6497 300
3178 125
4999 275
970 250
8784 125
8575 75
2780 200
1975 225
1405 200
1576
69
5220 200
2573 150
3522 225
7607 275
7631 75
4534 25
6691 175
8161 150
3622 225
6030 250
7019 75
8874 150
7403 250
2320 250
7397 25
3020 200
3523 175
5096 100
450 225
970 175
6319 275
774 25
3693 75
9685 225
3168 250
7510 275
5712 25
9855 75
6294 50
8210 250
6289 250
9259 200
5379 50
503 100
2151 125
5480 100
3178 200
2 175
5901 225
6819 25
9497 225
4965 300
1613 125
2780 50
8784 75
6872 275
9440 150
9595 75
8087 25
5818 150
863 100
5389 225
8507 275
1693 50
1844 175
6497 300
5670 225
8729 150
7657 175
6945 300
2387 50
5800 175
810 100
8942 225
9965 300
5652 50
5473 275
7664 175
8062 125
2573
57
1576 150
503 200
1975 175
2315 275
4965 100
8874 250
8750 25
4021 300
6497 175
8062 300
4534 250
8463 175
7397 150
30 200
5800 300
7657 250
6819 125
6691 50
1613 225
8729 75
4938 300
7403 25
3168 50
5096 50
9440 175
3523 175
1375 275
8575 125
8942 200
5389 50
9497 275
8405 275
3196 200
9031 100
8161 300
1046 50
5878 200
7028 300
2780 275
3522 150
8210 300
7019 200
3622 300
5652 100
6319 25
500 250
2387 150
7631 200
2 300
1844 225
8087 300
5029 200
9685 150
450 100
6872 275
5670 125
8784 100
503
60
2573 200
2 275
810 100
2151 100
6030 225
5652 150
1693 75
2227 250
6289 175
5878 50
30 300
7397 100
8729 225
5379 275
774 50
6945 250
6319 225
7631 50
863 25
5818 275
3168 150
3196 275
5670 100
5389 275
6872 150
6819 200
4534 275
970 300
1576 100
8463 100
8507 225
7019 100
9685 125
6691 75
1930 125
7510 275
8161 100
8210 150
9595 175
2780 75
8874 75
2201 150
5480 175
9855 275
5029 50
8062 275
5901 50
9497 200
2320 25
5257 25
8405 275
9259 100
9965 175
1613 125
6294 275
7771 50
7028 100
7664 75
450 125
1975 200
2
74
503 275
6289 300
5818 300
1046 225
5220 150
6945 250
7397 100
5878 275
8784 175
1844 225
6497 275
6872 25
8575 275
500 250
9685 150
8405 225
9855 50
8729 250
4021 275
3522 75
1375 200
9031 50
8874 25
970 100
450 100
8942 125
6819 75
5422 300
2315 25
2201 75
6319 275
7403 175
7019 275
7510 275
3693 250
5473 250
8750 300
8161 200
863 50
1183 150
1693 225
5652 175
9497 225
3922 175
5096 25
4534 200
3622 175
3523 125
9595 125
3020 275
1576 175
5670 75
9440 275
9492 50
6691 150
8463 125
4965 300
5029 125
774 250
7028 75
5800 25
2151 250
5901 225
7657 250
2387 50
2573 300
30 225
810 25
5480 125
3196 125
5389 75
7798 175
7771 300
8062 50
6289
56
2 300
6819 175
6945 225
3522 100
774 300
503 175
6497 275
8942 50
7019 50
2320 25
2780 250
7403 175
5480 50
863 275
9855 200
7397 300
8210 275
1613 275
5670 275
1576 250
8405 250
970 200
9595 150
7631 75
9965 75
5800 125
7607 225
1930 75
5257 25
7664 175
4021 125
2387 225
5652 250
3622 75
1405 250
9685 200
8874 225
3020 300
9031 200
3693 250
2151 75
8062 250
4938 100
5901 175
8575 75
3168 25
8729 25
1844 175
4999 200
8784 200
5389 200
1375 25
6872 250
6030 200
7510 50
8687 75
6819
69
6289 175
7631 275
7607 300
9965 300
5379 200
2151 25
9492 75
3622 225
8942 225
3523 225
2315 175
5389 200
5901 25
5220 75
6945 250
7664 300
2 75
1693 50
3168 175
2573 125
9685 250
5670 200
30 150
503 200
7657 225
5473 50
1405 250
5422 75
970 25
8210 225
6030 125
3922 100
9259 150
2201 200
7019 25
1576 25
8729 200
1613 50
9497 250
500 175
5878 100
810 250
8062 75
2320 125
1930 275
1375 225
2780 225
2387 200
3522 150
4938 25
6872 200
7028 100
7403 300
6497 50
8750 250
8463 225
4965 175
6319 125
7397 225
7771 275
1046 300
9031 125
7510 75
6691 225
5712 275
2227 125
8507 100
7798 50
1183 175
7631
64
6819 275
3178 225
1576 75
8062 300
7510 275
6945 75
970 100
9440 175
7397 225
1183 300
7403 300
6294 200
2387 150
9492 250
1693 75
503 50
1046 300
8087 50
8784 275
1975 75
6030 100
6319 25
5029 250
5096 75
9965 300
1613 250
1930 175
8729 275
5480 175
7664 75
6289 75
1844 125
4021 75
9685 25
3168 125
4534 100
810 100
3196 25
9595 300
8161 175
7657 25
8210 200
8575 150
9855 100
5652 150
8405 175
2201 125
3922 250
2151 75
5670 225
30 25
2573 200
5220 50
8507 50
450 100
1375 225
9031 300
6497 200
2315 275
3522 175
5257 150
6691 125
5712 125
5379 125
3178
59
7631 225
5379 25
9595 250
4534 175
5029 50
6945 300
3693 25
863 275
7657 50
5257 150
8784 125
3196 25
5473 50
970 125
7510 150
2320 175
2387 175
8161 200
7607 275
7028 200
8942 300
8750 100
2151 25
4021 25
6294 275
500 100
8405 50
4999 25
1576 200
5652 300
5712 300
1046 150
7771 250
8729 175
9492 25
3622 300
7664 275
8210 75
3168 25
9031 50
8507 200
7397 100
3020 50
9497 75
9965 25
5220 125
6497 150
1844 225
9440 150
4938 275
7019 225
6030 25
7798 300
2315 200
1930 150
6691 275
2201 250
8463 50
4965 225
5379
67
3178 25
9965 250
5220 200
6872 275
8687 50
8087 200
5712 50
7397 225
7664 225
8405 225
6819 200
8750 100
8507 75
503 275
9595 25
30 150
1975 275
7657 200
6294 300
5652 75
5096 125
6319 175
863 175
9440 150
5422 275
2151 275
1375 275
3922 200
3168 75
1046 100
9492 300
1613 275
1576 50
5029 300
810 225
1405 125
3523 100
7028 175
4534 125
5257 175
3622 150
1844 175
7403 175
2780 300
3196 225
5473 100
4021 250
6030 150
6945 175
4938 300
500 200
970 50
7019 200
8874 225
7798 175
8161 125
8062 275
774 300
4965 100
5670 150
6691 175
2320 75
8210 225
7631 125
4999 150
1693 75
8729 200
9965
68
5379 250
6294 75
6319 50
3522 25
2227 250
5220 175
4938 275
9595 100
8463 125
8729 75
4534 125
6819 300
5878 175
5480 25
2780 250
2387 125
7607 125
9685 225
8507 175
3523 150
1930 50
9259 50
7397 250
7631 300
3196 225
7019 125
7657 100
6289 75
1375 300
8750 300
450 300
8161 50
9031 25
6497 175
6945 225
970 50
3622 75
500 100
8210 225
8087 125
4965 100
3922 250
8575 225
5800 200
8874 275
3168 175
810 125
7798 125
8942 100
2151 75
503 175
2315 225
7028 250
3178 25
9497 175
7771 50
1693 225
5473 25
9492 50
7403 125
1576 300
4021 50
7664 100
1975 300
1183 250
6691 175
9855 275
863 175
6294
60
9965 75
4938 150
8874 175
6872 225
8405 150
6030 25
1975 125
8750 25
9031 225
8729 175
3020 100
5670 50
1693 75
5480 175
5901 25
5379 300
9685 75
4534 50
1930 300
7631 200
5257 125
5220 250
1576 50
5878 300
8463 150
2201 175
9595 125
1375 300
3178 275
8784 125
9492 300
3168 200
9855 25
7607 300
5818 300
4999 75
1405 25
8507 175
3922 200
3622 25
8575 25
2387 125
2320 275
6319 75
7771 250
30 100
8210 275
7028 175
3522 50
450 175
774 300
7403 25
9497 250
2780 125
9440 150
8942 100
503 275
8687 125
6497 250
4965 225
4938
63
6294 150
7607 75
8210 25
5257 100
3196 300
5480 175
9965 275
8942 200
5096 25
5220 25
9440 225
6691 100
450 75
2201 200
5901 250
7664 100
4534 225
8405 250
3922 100
8062 225
5473 125
8874 275
7403 250
8687 300
5670 150
9492 150
970 300
5712 75
4999 275
1046 225
2573 300
2780 250
1844 50
5878 225
810 25
9259 300
2315 25
9497 25
2387 275
7771 250
5422 25
5800 200
6319 225
8575 50
5379 300
5652 250
6872 200
3622 150
6289 100
6819 25
1930 250
5029 25
3020 250
6030 300
4021 75
774 150
3522 150
9855 150
1613 150
3178 275
1183 175
1405 125
1693 300
7607
62
4938 75
1405 200
9595 225
1576 275
6319 25
774 175
1183 200
6819 300
1046 275
7028 100
970 100
9685 25
6497 300
7510 150
500 25
5818 250
5220 50
9965 125
8687 200
3020 300
6872 275
1930 225
3178 275
863 75
6030 200
5652 150
5670 250
2227 175
9855 300
3168 250
4021 25
1693 200
6289 225
7019 125
6294 300
8062 25
3622 250
9259 200
9492 250
7397 150
3922 250
3196 200
8575 75
8463 150
2320 275
7798 150
7403 250
5257 300
8405 225
3523 150
30 75
5800 25
1844 25
3693 200
8210 175
4999 225
5422 225
5389 125
810 50
8784 75
5473 25
6691 225
1405
56
7607 200
8729 150
9595 100
8687 25
9685 275
8750 150
2780 100
774 200
5029 225
1046 75
4021 25
5422 150
2201 200
5096 275
3020 300
8507 250
8210 300
9259 150
8942 200
5670 225
2151 250
7028 75
5473 75
7397 50
8405 25
7798 150
6819 250
8463 150
5379 125
1930 225
7019 100
1183 225
6294 25
6497 275
3922 250
5800 225
6289 250
5901 175
7657 300
5257 200
5389 300
8874 250
9492 25
2387 50
4965 150
1975 125
500 25
1844 200
7664 200
1375 25
6872 50
8161 125
3523 250
5220 200
4938 125
9497 275
8729
64
1405 150
5800 300
7771 75
7403 150
7510 50
5422 275
8463 100
9965 75
6294 175
810 125
2320 100
3196 300
503 225
5473 100
2 250
8750 75
1975 50
5029 275
9497 250
7028 200
5389 125
9259 100
500 125
3522 175
5818 150
6319 50
7798 150
1183 125
8784 25
2573 75
6691 25
6497 100
5257 75
7631 275
2387 25
1613 25
970 25
1375 75
3178 175
6819 200
8575 25
9595 100
3922 100
2201 50
30 150
5220 25
8687 75
7657 175
8062 100
8161 150
3168 275
8405 175
6872 25
4534 175
4021 250
6289 25
1576 150
5878 200
6945 225
5480 200
8507 175
5379 200
2227 25
3693 200
5800
64
8729 300
863 150
5670 275
7028 225
4534 125
2201 225
5220 250
8874 225
8087 200
8575 250
9497 175
7798 150
5422 300
4999 275
3522 175
7403 100
7019 300
1693 225
2573 300
5096 225
8750 75
8161 25
8405 25
450 125
5473 250
9031 225
5901 125
3622 50
1844 50
6289 125
2151 150
5257 200
5029 25
2780 300
1046 275
8463 250
8507 300
2227 300
4021 50
500 75
7657 200
8062 75
1405 225
4938 200
6030 50
9259 300
2320 300
9440 225
7771 200
9965 200
1930 200
2 25
5480 175
774 50
8784 200
7607 25
810 25
3523 100
6497 100
2387 50
1576 175
6872 175
1375 25
5389 250
863
59
5800 150
9440 50
8942 225
3693 275
9595 75
1693 25
7771 150
6872 75
3178 275
4021 275
1613 75
9492 125
1375 250
500 175
5379 175
6289 275
7028 225
4965 175
9855 100
3168 200
7607 75
503 25
5257 150
8687 50
7403 75
5712 100
3622 125
7664 25
2 50
2780 25
8210 150
8874 250
1975 275
5220 300
8161 150
2387 25
2320 50
2201 250
6030 275
7397 250
6497 225
5389 250
7657 75
7019 75
970 75
1576 100
5901 125
30 225
8750 25
9259 200
810 50
8405 175
5422 200
6319 25
8575 150
6691 175
5029 100
3922 75
9965 175
9440
60
863 50
8087 275
7028 300
2320 25
8687 275
7664 175
5670 175
4938 225
7631 175
8575 150
8405 275
5878 100
1975 100
6497 300
6319 25
7019 300
5379 150
4021 300
8507 100
1693 50
9497 250
9031 25
7510 275
6030 25
9685 250
2315 300
1844 225
8750 250
5473 150
5220 275
8874 50
2573 175
2 275
5901 175
4965 225
774 50
9259 225
9855 150
4534 50
2387 225
500 100
8463 50
1576 150
5800 225
5029 100
6872 275
3522 300
6945 200
8062 50
7403 300
6294 150
3020 225
7657 225
2201 125
3178 150
8161 275
5480 275
8210 225
5389 50
3922 150
8087
48
9440 275
3622 175
1183 150
5379 200
2780 250
9855 200
5800 200
9259 150
5670 25
1930 200
9031 75
3523 150
6319 125
7657 50
5422 125
7631 50
3522 125
2201 250
3196 125
5473 125
9685 300
4999 75
3922 75
1046 75
5257 300
5712 50
7664 150
5878 300
8210 150
1693 275
2387 100
500 25
9965 125
5480 275
8507 100
5818 250
1576 25
5901 275
2573 300
8687 100
6691 100
5096 25
9492 125
9595 275
2151 175
970 175
2320 75
810 150
3622
61
8087 175
8210 50
7028 300
1576 225
3523 50
2387 225
8405 225
6819 225
810 225
5029 200
2201 75
8942 225
5473 300
1183 25
5878 100
450 50
970 125
9595 225
2320 25
500 275
5818 25
7798 250
8784 100
863 125
5257 250
9497 300
5800 50
9685 25
5670 250
9031 125
7510 75
1613 300
2 175
7664 200
6691 150
3020 50
7607 250
5480 275
5379 150
7657 125
6289 75
6294 25
9492 75
9965 75
5220 275
3178 300
6319 25
2151 225
2573 300
6945 75
2780 100
4938 150
3196 300
7397 250
5422 275
9259 300
1930 275
7403 25
1975 125
5389 50
5096 25
8210
67
3622 50
8687 200
4938 25
9595 175
5257 300
8575 150
7028 25
6319 225
2320 100
3693 225
1405 300
9497 275
810 75
8874 125
3020 225
3922 175
1576 250
3196 25
6289 275
8463 250
1975 300
4021 150
2201 175
6691 125
7510 125
863 150
774 150
8405 175
6819 225
4965 75
970 150
7631 200
503 150
4534 225
30 200
5818 125
5029 100
8087 150
9965 225
2573 300
8750 25
2151 175
3178 75
6294 275
1930 275
450 125
7798 125
5712 50
1613 275
7657 100
7607 175
5389 200
9685 150
3523 300
1046 300
7771 250
5096 100
1375 300
2315 100
500 200
2227 25
1844 100
9031 100
9440 225
5379 225
8507 175
5473 25
8687
64
8210 200
2320 250
1405 25
810 125
5379 50
9440 275
5901 250
3168 275
6691 200
30 50
7607 200
3522 175
8750 225
4938 300
863 50
1975 100
1693 100
1844 225
8874 75
8463 175
5422 175
6030 175
9497 125
2780 100
2151 25
8942 75
7664 50
9259 100
8062 75
7397 150
6497 225
5480 75
8507 200
4999 150
1613 150
5096 150
500 200
3693 100
5257 200
3196 125
8405 200
8729 75
9031 225
9595 125
7403 75
8161 100
5878 225
5473 150
8087 100
7657 150
5818 25
8575 75
5029 50
6294 125
7028 150
774 100
5712 175
1930 225
2201 25
9492 200
6872 250
2387 225
3020 150
6289 75
2320
65
8687 250
9595 300
450 75
1844 125
9440 25
7664 25
6945 300
3922 50
3168 75
2780 250
2315 150
1576 250
8729 100
5878 250
5473 275
6289 25
7403 175
8210 100
3178 175
2387 200
9855 250
9497 75
3622 25
5901 75
5480 175
970 50
810 300
774 225
4999 50
4021 25
4534 100
6319 75
8575 25
5422 250
7771 250
5818 300
1613 175
863 50
2201 100
6691 100
6294 275
7607 275
5800 300
4965 275
6819 125
6872 50
1693 75
1183 125
503 25
7028 150
3020 50
5389 175
5029 200
1930 50
8405 250
9685 300
30 100
5096 150
7798 300
1375 250
5712 300
5379 75
7510 175
6497 25
8087 75
9595
66
2320 300
5029 125
7607 225
3178 250
5220 275
7019 50
4534 100
7664 275
1405 100
1844 175
3523 300
863 75
9965 100
9031 175
4965 150
9855 275
9685 175
7028 300
3922 200
8210 175
8161 25
5379 25
2151 200
774 50
3168 250
7771 50
3622 225
8507 300
1375 75
3196 250
8750 175
4999 100
3020 150
5480 75
6294 125
6289 150
3693 150
4021 100
6319 50
810 100
1613 100
2 125
970 225
7631 300
503 175
8729 100
450 100
1975 25
5652 275
5096 150
1576 75
6872 225
1183 175
8687 125
8062 225
7510 100
9259 250
30 200
5473 250
1930 100
9497 275
8087 275
5422 175
6497 250
2387 100
6030 125
5029
64
9595 125
2151 300
8405 175
3922 75
3178 50
9259 175
7019 175
970 250
500 125
1046 175
5473 175
2315 250
1405 225
4965 125
2780 225
3622 200
1613 100
450 250
8729 275
5712 150
1975 275
8463 200
6872 25
5422 125
7631 250
9497 150
5379 300
5389 300
5800 25
1844 125
5257 50
2201 150
2387 25
8750 250
9855 300
9685 100
6497 75
3522 25
5878 150
8210 100
4021 300
7028 200
1375 75
2 125
503 50
9440 100
5480 175
9031 25
2320 200
8062 75
4938 25
6030 300
8575 125
2573 200
5901 125
8687 50
3020 100
7771 150
863 100
2227 200
7664 225
7397 100
3168 275
3196 225
2151
66
5029 300
7510 300
503 100
5712 25
3020 125
8750 275
9685 150
3523 300
8784 75
6819 25
810 250
3168 175
9595 200
1930 50
970 300
5878 25
5480 25
8575 150
5379 275
1405 250
9492 175
5818 50
4021 50
3178 25
5652 125
5389 175
3522 25
2227 250
1576 125
8687 25
5800 150
450 200
7028 250
3922 125
7397 150
9259 25
2201 200
9497 300
8942 25
5422 75
1975 200
500 300
1375 125
1046 175
4534 50
6289 75
3622 225
8210 175
5473 175
2 250
7631 75
5096 225
9031 300
7657 100
7664 300
9965 75
3196 150
9855 250
2387 175
7798 275
6945 275
8087 175
6319 200
3693 175
6872 100
8874 25
7510
56
2151 300
6945 150
8729 50
7631 275
8784 125
5901 125
450 275
5473 175
7607 150
1046 200
6872 50
1375 75
5480 250
3178 150
4021 100
1576 275
2315 100
970 300
3693 300
9440 275
2 275
2201 300
8575 300
3622 75
8210 125
8874 150
3523 125
7028 225
1844 150
6691 25
2387 175
3020 125
8062 275
503 275
7771 250
8942 275
9497 50
1183 50
5670 275
7397 300
7657 50
9595 100
6319 25
7403 250
8463 75
9685 200
3522 125
5096 250
1930 250
774 175
6819 75
1693 100
2227 250
2320 175
30 300
6289 50
6945
57
7510 150
2227 150
2 250
2320 300
6289 225
3178 300
2201 250
3168 200
5818 150
7631 75
7403 250
5422 175
2387 75
8784 300
774 275
8405 25
6030 275
9031 300
503 250
3523 200
1930 150
6819 250
3522 100
5257 25
5878 300
6497 100
6872 25
1693 75
5901 25
8507 100
7028 150
7019 275
7664 25
5389 275
9965 225
4965 125
5379 175
5096 275
3622 75
500 175
5480 250
9440 200
4021 25
1613 50
970 50
3922 75
1576 300
2151 275
1975 125
8463 250
8729 225
30 25
1844 50
1183 175
8942 225
6319 100
3693 200
2227
54
6945 150
8161 25
9965 250
9685 25
6872 300
7798 300
503 250
1693 300
9259 275
8942 50
3522 150
4999 300
5652 225
4965 225
7657 200
3196 225
3523 175
970 275
2315 25
5712 50
9031 275
2201 200
8405 275
7607 175
3693 150
2151 250
4534 250
5800 300
9855 175
8784 25
1844 275
1046 125
5220 100
3020 125
500 125
8463 225
5878 50
9497 125
7403 225
2780 150
8874 200
5818 250
8210 25
7771 25
7510 250
6819 125
1375 50
5029 200
4021 275
7019 25
1183 175
5473 225
5422 225
8729 25
8161
65
2227 25
2387 300
1930 300
1576 150
5670 275
1693 200
1046 100
9595 25
1183 275
8463 150
5422 25
3178 200
3522 75
3523 100
8750 125
5800 25
6691 300
7657 225
5901 275
7397 300
3168 150
500 100
4965 225
2 200
3693 100
5257 50
6030 200
5220 125
7631 175
2573 300
503 100
9965 50
2315 175
863 150
8405 175
5878 175
5389 275
1375 250
1613 150
5473 250
5712 75
4534 275
7798 175
8784 175
4999 100
5096 275
8687 100
8729 150
5379 125
9031 300
4021 300
8507 75
3922 200
450 50
6872 275
2780 75
970 25
7403 225
9440 275
9855 300
1405 125
9497 275
5652 225
1975 275
2201 225
2387
72
8161 300
9259 75
5473 275
7403 50
3020 175
7397 50
774 175
30 175
3622 225
3693 75
6945 75
5257 175
5878 250
9965 125
4534 75
1693 225
8463 125
3178 175
8062 50
7631 150
8784 150
7657 75
2320 200
9855 250
1613 75
5652 125
3922 50
6030 150
8729 25
7019 175
5029 25
7510 175
5220 125
9685 100
4938 275
863 25
6289 225
5712 150
9440 225
4965 75
8087 100
6294 125
5480 250
7771 275
6872 75
3523 125
7028 150
8874 50
2573 150
6819 200
2780 275
1405 50
9031 250
2 50
4999 250
1975 200
2315 75
2151 175
8942 50
5670 175
6319 275
5800 50
1576 50
1375 275
5096 200
3196 225
9497 125
9595 100
8687 225
4021 200
6691 275
5818 150
9259
59
2387 75
8750 125
3020 150
1613 250
3522 250
1375 200
5029 175
30 250
3168 25
2227 275
8087 150
450 150
2201 250
8874 175
8942 275
8575 300
1405 150
5878 25
8729 100
2780 225
5220 175
5473 175
9965 50
9497 150
6872 250
1576 200
4965 25
7657 25
9492 75
7019 300
4938 300
8687 100
6319 250
1693 125
2151 25
6819 150
5670 300
7607 200
500 25
5257 300
9440 225
8463 225
3523 125
5800 300
9685 100
7028 125
9595 250
503 100
863 200
7397 25
4999 200
970 300
3622 300
8405 200
9855 300
5389 125
8507 100
7771 50
2315 250
8750
56
9259 125
5480 225
8463 75
2151 275
6030 300
5712 150
8405 225
6294 25
2573 25
1405 150
5818 250
5379 100
2201 150
7403 250
8575 25
5901 200
8729 75
5473 275
1613 25
9492 200
8161 125
8687 225
5800 75
9595 175
3178 100
5389 175
9031 250
8784 150
2 300
9440 250
4965 225
774 25
810 250
3168 25
7771 50
9965 300
8874 275
5029 250
7028 150
7664 25
30 175
8507 175
3522 275
1183 25
2315 75
8210 25
5422 175
7798 75
863 25
9855 150
4021 225
6819 250
4534 250
1046 275
1375 250
9685 225
5480
57
8750 225
3522 300
5652 75
1046 125
3168 50
9031 175
4938 175
8942 125
4021 225
9965 25
1375 300
9497 275
6294 175
4534 250
7510 250
6319 150
6289 50
2151 25
1183 100
774 275
5818 275
2320 175
9595 75
1576 100
7631 175
6030 150
5220 100
7657 150
5257 300
970 100
5389 275
8507 250
8687 75
5712 300
3622 275
500 225
503 175
9855 125
7771 100
7397 150
7798 275
1613 250
2387 250
8087 275
5029 175
2201 75
5878 300
5800 175
6945 250
2 125
8575 75
9492 225
450 225
7019 175
8729 200
9440 275
5473 75
3522
65
5480 300
8784 300
1576 225
1183 125
9259 250
810 250
5878 225
9965 25
6289 100
7397 150
9685 225
2227 150
1613 100
5901 125
5800 175
1844 275
7657 125
8687 175
6945 100
9855 300
5670 25
2 75
8161 75
9031 50
5712 175
4534 300
8729 175
8575 125
8087 125
7664 50
4021 200
2151 25
500 25
1046 225
9492 50
3693 125
7028 200
6872 75
5652 150
5029 25
8062 150
8750 275
2573 150
3196 200
2201 225
774 100
1975 125
4999 300
6294 50
6030 250
6819 150
9440 300
2315 250
3523 100
8942 75
5220 50
7510 125
4938 150
5473 200
9497 225
8874 150
6497 25
7631 175
970 50
1693 200
8784
59
3522 300
9031 200
7657 300
5818 75
7664 100
7510 125
7403 175
2151 75
2 175
9492 100
3178 125
9855 75
6945 300
1046 175
3020 275
6497 25
5422 50
5473 300
2387 150
30 250
3523 300
7798 100
8874 275
3196 75
7631 275
2201 50
3622 100
8729 25
8750 150
9685 25
1375 25
6691 225
3693 75
1930 125
6294 125
2227 25
5096 200
1576 75
8062 75
8575 75
1183 275
1975 200
1613 125
3922 50
4021 125
5712 200
8161 175
5800 200
8507 125
5652 75
774 75
8463 75
5220 125
2315 25
5878 25
6289 200
2780 275
7607 75
2573 100
9031
67
8784 200
7771 125
3168 125
5220 125
5901 275
5480 175
3922 200
9595 175
6294 225
7019 275
4999 225
8087 75
810 250
5096 200
970 300
5257 75
6945 300
5712 175
7664 175
7028 100
6319 100
3522 50
2 50
9497 100
5652 200
4965 225
6497 225
5670 175
9440 25
2227 275
8750 250
5818 275
9855 150
8874 200
5800 225
3523 125
3622 125
7397 200
4021 225
7798 75
8575 300
1844 125
2573 100
9965 25
7403 75
1693 150
9685 175
30 75
6289 200
5029 25
8942 75
8687 225
3178 50
2151 300
5473 200
2387 250
5422 175
5389 75
8161 300
2780 200
9492 100
7631 300
8405 225
8507 25
6819 125
8210 100
6030 175
7771
59
9031 125
4965 200
8729 75
863 150
30 25
5220 150
1975 250
8575 300
9595 50
3693 100
7403 200
3168 225
3922 150
4021 125
5712 275
1693 275
810 75
1930 125
1183 150
1844 225
8750 50
8463 150
2201 75
5473 150
5257 200
5818 300
3196 50
7510 250
1613 200
2320 250
5901 75
3178 250
7664 100
7028 75
4938 250
5480 100
6030 150
2387 275
6294 250
5800 200
6872 250
2780 275
9497 75
1046 200
4999 225
450 275
8405 25
970 300
9965 50
8210 250
2 300
503 50
6819 275
1375 250
5029 150
2227 25
9855 150
9259 50
5670 200
4965
65
7771 200
5389 75
7664 125
5712 225
9685 50
2573 100
9595 150
4021 150
3020 25
5029 125
4534 175
7397 175
1183 300
1046 100
8575 75
7028 300
9492 150
1693 125
6497 200
6030 125
2227 225
6691 25
7657 225
863 175
810 250
500 175
3922 300
9031 225
1930 200
4999 25
1613 300
3196 250
774 300
2780 150
6872 275
9259 25
8161 225
5220 125
8750 225
2315 225
8210 75
2201 150
5670 100
1576 300
9440 225
1375 50
5901 150
1975 75
2387 75
6945 125
8942 275
2 300
30 250
9965 100
2320 275
5473 100
5422 100
1405 150
8405 225
6819 175
5379 100
7798 50
6294 225
5096 25
3178 225
5389
63
4965 75
8874 100
970 175
6030 75
5096 75
500 275
7403 100
9685 150
5220 150
6319 300
6819 200
8463 275
4021 225
2315 200
7664 50
3693 50
1693 50
5422 275
8729 125
503 275
8750 175
2151 175
6872 25
5670 150
1844 25
5901 100
8575 300
7028 225
6691 100
5029 300
3196 225
2573 50
5480 275
9492 300
7798 250
4999 300
5473 25
6945 275
5878 50
8161 275
1046 225
863 250
1405 300
4534 225
2201 150
810 225
30 75
1576 225
2320 175
9031 75
5818 250
8210 200
2 75
450 25
5652 75
7607 125
9259 125
7657 150
5712 25
9440 50
6289 200
3622 50
5800 250
8874
65
5389 100
3523 175
6294 175
5901 75
7664 225
9685 150
6872 175
2573 250
1576 150
5800 225
6319 225
7397 100
5422 150
9259 175
6691 125
8210 125
4938 275
2 25
1375 175
8784 275
2201 125
6497 25
1693 225
7028 175
5670 100
1183 225
8687 75
7798 150
5473 25
9031 200
5878 100
9440 50
7510 150
863 250
8463 300
5257 225
8750 275
9855 200
1975 125
5220 175
774 300
503 75
3922 225
9492 175
8062 50
6289 225
5712 300
1405 250
3693 250
4021 175
5379 225
1844 75
9965 275
2387 50
970 150
2227 200
7019 225
30 200
3522 150
1930 175
1613 150
7657 75
5652 225
3196 100
2151 25
3523
57
8874 175
7403 25
8942 225
1930 200
9595 300
3622 50
2151 300
1183 100
9855 250
4021 275
8575 100
8463 50
1576 175
8087 150
6819 225
5878 75
500 175
6945 200
8784 300
8161 100
9965 150
5220 75
2227 175
30 50
5818 50
3168 300
9031 125
8062 150
7657 125
7510 125
2573 175
970 75
5379 100
9497 100
2 125
3020 300
2315 275
9685 100
6872 300
9259 125
774 100
4534 75
1693 275
5473 100
7028 275
2387 125
450 25
3693 75
7607 150
1375 125
3522 100
2201 300
5800 100
8210 300
6497 75
7397 175
1405 250
7403
64
3523 25
8405 225
2387 50
8729 150
1576 250
970 175
3196 250
8784 175
1375 100
5389 100
6945 250
4999 50
8575 25
5800 100
2320 175
8750 250
7631 300
6289 175
4938 250
6691 50
1183 50
9855 225
863 75
3020 150
7771 200
3922 25
2 175
1844 200
8463 250
5670 225
1693 100
5652 250
2573 25
9492 25
5096 25
7798 50
7028 225
7664 200
5379 175
9031 75
5712 225
2780 150
9497 100
500 275
5220 100
5818 150
810 175
7607 250
450 250
5257 100
6319 100
8687 75
6030 275
7397 175
8507 75
6294 25
7510 250
2227 225
6819 300
9440 300
3622 25
8161 225
9965 125
5901 275
8405
73
7403 225
9685 25
1975 225
5029 175
5220 150
8507 250
7028 275
3196 125
6294 150
8750 225
4534 225
970 200
810 100
3622 225
5379 225
9440 275
1183 300
1375 250
6945 25
4938 250
2 225
7019 125
1046 150
6030 25
4021 275
3168 125
2315 175
1693 100
5800 25
6691 50
7798 275
1405 25
2780 100
2227 275
1844 175
8062 50
6289 250
450 175
5473 150
5422 125
3922 275
8210 175
2573 275
3178 50
6319 75
7657 75
2201 275
8161 175
7397 200
500 150
7631 175
3693 225
8575 275
8687 200
7664 225
3020 50
6497 225
7607 225
4965 225
503 275
8729 175
2320 250
7771 25
5257 150
1930 150
863 175
5096 25
9492 50
9259 200
8942 250
30 275
9031 225
774 225
9685
69
8405 25
2315 275
2780 300
9855 75
5096 275
4965 50
2227 25
6319 275
1183 125
1405 275
2151 150
8874 150
9595 175
7607 25
3522 225
450 25
5389 150
1613 275
5257 200
7798 200
7397 50
6294 75
2 150
1576 225
5712 250
7028 200
9965 225
8463 100
1693 250
5220 100
8575 275
810 150
6819 250
9440 250
8784 25
7657 150
3622 25
8062 50
6872 225
8087 300
1046 25
7631 25
970 25
503 125
6691 150
2387 100
4534 50
5029 100
500 150
9031 175
3523 100
8507 125
6289 200
5818 150
774 200
1375 250
9492 25
9259 100
1930 200
1844 25
2320 300
3196 225
8210 150
2573 150
7510 200
6030 150
6497 200
8750 225
30 100
2315
58
9685 275
810 100
2573 275
970 200
7664 150
8463 175
7798 25
2320 150
5029 250
5473 100
3693 175
6819 175
5652 175
7510 100
5389 200
3020 125
6497 25
1930 125
8405 175
8507 300
2 25
8575 250
3196 50
2227 25
7019 50
9440 300
4965 225
1375 275
8942 150
4938 25
5901 100
8161 175
6319 275
3523 275
5878 275
5712 200
9855 25
500 100
8750 75
7028 50
2780 200
9492 150
5257 125
3522 250
9497 250
2387 75
6872 200
9965 225
4999 25
1975 150
5670 25
8210 100
8784 25
3168 25
7631 275
3178 200
7657 225
9259 250
810
59
2315 100
1183 75
503 100
3522 250
8687 125
970 200
8729 125
8405 100
6497 300
9031 250
450 275
3622 225
2151 250
5712 150
6691 75
3196 125
8210 75
1046 100
6030 200
5901 75
7798 125
4965 250
4021 275
9685 150
2320 300
3922 100
5652 25
5257 225
5379 225
7771 75
1844 200
8750 250
4938 25
1613 200
6872 100
9595 100
7631 100
5878 300
4534 75
9855 200
7028 50
8942 125
8463 75
6819 250
7403 175
5818 50
5389 225
9965 125
30 50
5096 300
2 25
863 50
5800 25
2201 175
1576 100
7607 50
7664 50
8062 150
8087 150
1183
58
810 75
5670 200
3522 125
6872 175
8087 150
7607 200
30 125
450 175
9685 125
5878 100
3523 100
4534 100
5901 100
4965 300
8405 300
8161 275
5652 250
774 25
7631 300
3622 25
5480 100
7403 50
8729 125
8874 225
5712 300
5473 175
7657 200
1613 275
3168 275
9855 125
2 150
7664 300
7798 25
7771 150
5818 50
1046 100
6691 100
4021 75
1405 225
8463 175
970 75
6319 175
8750 25
1693 250
8784 275
7510 50
2320 125
9595 175
3196 125
8575 275
3693 50
9492 125
7019 250
4938 175
9965 250
6945 175
2227 175
6819 175
5670
59
1183 200
7028 200
9855 275
8161 275
5652 25
5800 275
5473 75
1930 25
9440 175
8942 75
8087 25
6294 50
4534 25
5878 100
3922 300
3522 25
1405 225
4938 150
503 100
1975 100
9031 175
6819 200
7397 175
8874 100
6289 275
5389 150
8507 25
7607 250
7403 225
7664 175
3622 250
9492 100
450 175
5257 300
5712 125
2 75
5818 225
9259 300
3168 175
4965 100
7798 75
6497 75
9497 225
5422 275
6319 125
7510 275
7631 225
7657 125
774 125
500 100
1576 225
5901 300
2387 175
5379 150
2201 125
2573 125
2315 25
4021 25
7771 200
7028
68
5670 200
30 125
3622 300
8405 275
9440 300
9492 150
7607 100
5800 225
8463 100
9497 300
9595 300
7397 25
8210 25
4965 300
9685 200
9031 100
863 225
2201 50
5422 25
5901 275
8729 200
3178 200
6319 200
7664 300
1405 75
8874 175
4999 100
9855 200
6872 225
5389 225
6497 175
8062 75
7510 225
3020 50
2151 250
5652 150
5379 175
7657 100
3522 200
6945 150
8750 150
2780 150
7403 225
810 50
774 250
7771 75
2573 300
3168 300
5029 200
1930 225
3523 275
2315 50
2 75
2387 150
6294 175
2320 150
9259 125
6691 150
6819 100
1844 25
9965 250
3693 75
4021 100
5712 150
8687 150
1975 100
5878 300
503 100
30
65
7028 125
9492 125
1844 225
1183 125
9259 250
2387 175
7771 25
503 300
8062 75
6030 75
5379 150
8687 50
7397 125
2573 200
8784 250
4021 300
6691 275
3523 50
6819 150
3922 150
3020 125
7019 275
6319 200
4999 200
5473 150
5878 275
774 25
1693 125
3693 150
5818 250
8750 175
5422 200
8575 175
8210 200
970 50
450 300
9031 75
500 100
2780 225
4965 250
1375 50
4534 125
6294 100
8729 150
5389 75
7631 25
810 50
863 225
2201 25
7607 75
7798 275
9595 200
2 225
2320 100
1930 225
8874 200
1046 125
8405 275
8507 300
6945 25
7657 225
8942 275
7510 300
9685 100
7664 25
9492
66
30 125
1844 75
4021 250
3196 100
7028 150
5220 200
4999 225
8507 25
7664 25
8784 100
8942 250
6819 75
863 125
5473 100
6319 225
4965 150
7397 225
7631 250
8750 200
8575 50
5379 300
2151 175
3922 250
4938 150
5901 300
970 225
1613 50
5096 200
8463 300
5670 100
7403 25
5257 125
7019 75
9259 75
8062 25
3522 50
6294 300
7798 50
2201 225
3020 50
5389 300
7607 250
5652 225
2 50
8874 175
7657 50
3178 25
3622 75
3168 225
450 275
1405 25
9685 25
1975 200
5422 25
2315 150
9497 75
9855 125
5878 225
1183 125
8405 50
9031 100
8087 125
9965 50
5480 225
8687 200
6872 225
1844
60
9492 75
6691 150
1975 100
5878 125
30 225
2320 125
4021 275
9595 175
1930 75
6497 75
4534 125
5096 275
2 225
1375 175
7798 100
3196 225
8463 25
3522 275
1613 50
9855 225
8062 175
8687 225
7403 200
5389 25
9440 225
7664 275
8405 175
3020 300
5800 50
4938 50
810 200
7771 225
7631 125
7019 75
5029 125
7510 150
9031 125
5818 50
5422 175
3693 125
5379 175
2227 275
8507 300
8942 75
8874 75
8575 50
5901 250
1576 175
9685 25
7607 25
1405 200
500 250
2573 225
1046 275
7028 25
5652 75
6289 175
3178 225
8210 100
6945 50
6691
66
1844 150
5901 300
1576 175
7657 225
8687 200
4938 100
1975 250
4999 150
3020 225
5422 150
3693 125
810 75
3922 75
8874 125
4965 25
7403 50
30 275
8161 300
2573 50
8405 50
5878 150
500 300
7664 300
8729 25
8784 225
6872 75
1046 100
8210 125
8463 200
5389 100
2201 300
1613 100
6497 75
9497 50
9855 250
7510 25
3622 150
1183 100
3196 125
970 200
503 75
9685 150
2 150
4021 225
7019 75
5257 125
1693 300
2320 100
8062 300
7397 150
5473 300
7028 150
774 200
450 75
8087 100
5712 200
5379 175
863 175
6819 225
7631 125
6319 125
5096 250
9965 175
2387 275
3178 275
7607 225
5901
65
6691 300
1930 75
8874 75
9031 275
7664 100
3020 125
8575 125
8687 250
1183 100
7510 125
4938 250
6294 25
3522 125
3922 75
6819 25
7798 275
3196 250
8750 200
500 50
810 75
7028 275
5422 100
2320 75
2780 225
4999 200
8161 275
5096 25
9492 300
4534 225
1693 300
6945 25
5389 100
774 225
5800 125
7657 150
2315 100
5257 175
8507 225
1576 225
9440 175
7771 75
4965 150
1405 175
1046 125
5818 100
503 50
2 225
6872 300
8942 150
863 125
5220 225
4021 225
1844 250
8087 275
1375 250
6289 175
5670 300
5029 125
1975 275
3168 250
6319 225
5652 300
1613 275
7403 275
5473 50
1930
58
5901 75
8161 300
1375 225
1046 275
3523 200
1844 75
8942 300
5670 25
8087 200
2151 50
6872 300
3196 250
6294 300
5220 75
6945 150
450 225
7607 225
2315 125
6030 100
4965 200
5473 300
9965 50
774 300
5818 100
7631 175
7771 125
8784 125
3168 125
4021 50
1405 225
6289 75
9855 50
503 125
5652 250
6319 275
500 300
7028 225
9497 125
5800 200
5712 250
6819 275
8210 275
9685 200
4938 250
2320 50
8405 150
9595 100
3622 275
7019 25
30 225
8687 225
7510 250
4999 75
3922 150
4534 275
8874 175
3020 175
3178 150
1183