41
7
17 100
14 300
50 75
80 50
97 275
88 275
15 150
7
17
23
80 250
79 100
21 375
40 375
66 125
70 400
77 150
93 125
56 400
82 50
64 250
8 50
97 300
75 350
25 225
94 50
59 250
88 375
84 300
49 250
4 275
20 100
41 100
14
16
1 200
18 300
82 250
40 150
66 225
70 250
80 175
49 50
94 75
20 175
77 25
93 300
64 75
8 125
97 225
41 300
50
14
40 50
25 275
21 200
37 325
29 75
56 75
79 275
94 300
64 325
93 125
49 175
15 375
22 400
41 75
80
31
77 50
29 250
21 125
20 125
75 250
1 275
88 275
70 125
64 275
56 375
15 125
37 400
50 350
40 25
17 350
97 275
66 75
79 175
8 375
84 325
4 125
94 275
18 125
49 125
82 150
93 300
59 300
14 175
22 375
25 400
41 50
97
15
88 325
1 325
20 25
79 375
14 175
25 250
4 100
93 300
18 150
37 275
94 275
15 325
80 250
64 150
41 275
88
1
41 275
15
12
82 175
79 225
84 75
93 225
37 175
75 300
80 175
88 175
59 175
25 375
97 275
41 150